E	S		S		S		S		S					
MeV	1/MeV		1/MeV		1/MeV		1/MeV		1/MeV					
		GT BW	S-GT BW	GT G	S-GT G	PR1 BW	S-PR1  BW	PR1 G	S-PR1  G	QG	QBW	QT	QE	QG
-0.1	0.01	1.33742575312787E-4	0.00986625742468721	2.65797727904908E-6	0.00999734202272095	6.93607144926156E-5	0.0097968967101946	7.74387858243055E-8	0.00999726458393513					
0	0.02	0	0.02	3.19951131205999E-6	0.0199968004886879	0	0.02	1.13844790935465E-7	0.019996686643897	0	0	0	0	0
0.1	0.045	1.37177185997001E-4	0.044862822814003	3.84661386010119E-6	0.0449961533861399	7.27377839114163E-5	0.0447900850300916	1.66598165754064E-7	0.0449959867879741	0.00201819046925365	1.95745408525337E-5	2.7697798443096E-5	0.00325	0.00201819046925365
0.2	0.03	5.55117650857318E-4	0.0294448823491427	4.61887373906969E-6	0.0299953811262609	2.93910991892034E-4	0.0291509713572506	2.42677599200682E-7	0.0299951384486617	0.00432525207070039	1.25862913616896E-4	0.0225861089085704	0.007	0.00432525207070039
0.3	0.02	0.00126270827115101	0.018737291728849	5.53931605685608E-6	0.0199944606839431	6.62080102145395E-4	0.0180752116267036	3.51877572192901E-7	0.0199941088063709	0.00695339873586856	3.47593340804734E-4	0.0452356077821866	0.0095	0.00695339873586856
0.4	0.01	0.00226782395133683	0.00773217604866317	6.63496683762163E-6	0.00999336503316238	0.00116819651088475	0.00656397953777841	5.07873913899163E-7	0.00999285715924848	0.00993694976332509	7.12186427125666E-4	0.0455381289390728	0.011	0.00993694976332509
0.5	0.03	0.00357727972207716	0.0264227202779228	7.93750339459277E-6	0.0299920624966054	0.00179645877877571	0.0246262614991471	7.29663545290075E-7	0.0299913328330601	0.0129560063105479	0.001194922608977	0.0459380550938734	0.01271	0.0129560063105479
0.6	0.025	0.00519679076642402	0.019803209233576	9.48400223939658E-6	0.0249905159977606	0.00252574960514672	0.0172774596284293	1.04349846402854E-6	0.0249894724992966	0.0171174789929076	0.00203071310382957	0.0466341578309612	0.01575	0.0171174789929076
0.7	0.02	0.00713094079246837	0.0128690592075316	1.13177977297041E-5	0.0199886822022703	0.00333147635901328	0.00953758284851835	1.4854683465661E-6	0.0199871967339237	0.0213925880707836	0.00306890299643643	0.0475019573001282	0.018	0.0213925880707836
0.8	0.015	0.00938315908577925	0.00561684091422075	1.34894662070961E-5	0.0149865105337929	0.00418759691652931	0.00142924399769144	2.10492881097563E-6	0.0149844056049819	0.0261789595351789	0.00441345246902355	0.0486305211775109	0.01975	0.0261789595351789
0.9	0.045	0.011955706485399	0.033044293514601	1.60579520715939E-5	0.0449839420479284	0.00506860451227212	0.0279756890023288	2.96902494024834E-6	0.0449809730229882	0.0315191896294411	0.00610232943655973	0.050056580499954	0.02275	0.0315191896294411
1	0.01	0.0148496704345047	-0.00484967043450473	1.90918540857991E-5	0.0099809081459142	0.00595126934535382	-0.0108009397798585	4.16862378046114E-6	0.00997673952213374	0.0368348649427582	0.00794669032414036	0.0516259281554631	0.0253825	0.0368348649427582
1.1	0.02	0.0180649691623477	0.00193503083765232	2.26708922070566E-5	0.0199773291077929	0.00681598436019855	-0.00488095352254623	5.82604695271418E-6	0.0199715030608402	0.0440356258054093	0.010656579801362	0.0539573379372825	0.027	0.0440356258054093
1.2	0.01	0.021600364959022	-0.011600364959022	2.68875774167334E-5	0.00997311242258327	0.00764762771994791	-0.0192479926789699	8.10508701394356E-6	0.00996500733556932	0.0512998685951158	0.0135907688889063	0.0565231683097514	0.0285	0.0512998685951158
1.3	0.015	0.0254534864102709	-0.0104534864102709	3.18491093567474E-5	0.0149681508906433	0.00843592328034557	-0.0188894096906165	1.12239004407448E-5	0.0149569269902025	0.0592931528584406	0.017008150852028	0.0595887446587879	0.02975	0.0592931528584406
1.4	0.04	0.0296208593671943	0.0103791406328057	3.7679529098766E-5	0.0399623204709012	0.00917534197248206	0.00120379866032366	1.54714975350672E-5	0.0399468489733662	0.0680582540087724	0.0209432718605537	0.063314518651868	0.0325	0.0680582540087724
1.5	0.04	0.0340979463366016	0.00590205366339844	4.45221570632705E-5	0.0399554778429367	0.009864633263813	-0.00396257960041456	2.12286961969996E-5	0.0399342491467397	0.0766409491436702	0.0249575556919901	0.0677974436377332	0.0361	0.0766409491436702
1.6	0.03	0.0388791938930476	-0.00887919389304756	5.25423489742221E-5	0.0299474576510258	0.0105061024456898	-0.0193852963387373	2.89945727828406E-5	0.0299184630782429	0.0880672209059227	0.0305155695069836	0.0789699711989575	0.04	0.0880672209059227
1.7	0.035	0.0439580876343983	-0.00895808763439832	6.19306057783588E-5	0.0349380693942216	0.0111047560152325	-0.0200628436496309	3.94196286685301E-5	0.0348986497655531	0.0993871029841701	0.0362376030720344	0.0868586922499517	0.04325	0.0993871029841701
1.8	0.03	0.0493272141301128	-0.0193272141301128	7.29060766714087E-5	0.0299270939233286	0.0116674268254071	-0.0309946409555199	5.33470939500142E-5	0.0298737468293786	0.111629630532349	0.0426526164261104	0.0932857268441053	0.0465	0.111629630532349
1.9	0.06	0.0549783292462037	0.00502167075379634	8.57204977488265E-5	0.0599142795022512	0.0122019680721306	-0.0071802973183343	7.18640066300466E-5	0.0598424154956211	0.124824452770438	0.0498292628735807	0.100804933812648	0.051	0.124824452770438
2	0.11	0.0609024321738405	0.0490975678261595	1.00662612324498E-4	0.109899337387676	0.0127165764855306	0.0363809913406289	9.63639313818717E-5	0.109802973456294	0.137534951780665	0.0570163737656533	0.110307392043593	0.058425	0.137534951780665
2.1	0.095	0.0670898444404298	0.0279101555595702	1.18063122621597E-4	0.0948819368773784	0.0132192758110405	0.0146908797485297	1.28623408864402E-4	0.094753313468514	0.154166871415286	0.0668907707611615	0.121007295581189	0.06975	0.154166871415286
2.2	0.07	0.0735302931432648	-0.00353029314326479	1.3830022631516E-4	0.0698616997736849	0.0137175660675334	-0.0172478592107982	1.70894444101099E-4	0.0696908053295838	0.170349381084158	0.0771518742144369	0.129773904264208	0.078	0.170349381084158
2.3	0.105	0.0802129976168455	0.0247870023831545	1.61805795270672E-4	0.104838194204729	0.0142182247485737	0.0105687776345808	2.2601553694388E-4	0.104612178667785	0.187552996809435	0.0890856193214322	0.138961244256906	0.08675	0.187552996809435
2.4	0.175	0.0871267587259292	0.0878732412740708	1.89072257745954E-4	0.174810927742254	0.0147272340164081	0.0731460072576627	2.97543911937408E-4	0.174513383830317	0.205779966027466	0.103615537664306	0.148907687130655	0.10075	0.205779966027466
2.5	0.23	0.0942600499673602	0.13573995003264	2.2066024926784E-4	0.229779339750732	0.0152498025932571	0.120490147439383	3.89911698089243E-4	0.229389428052643	0.223055619166833	0.120494227844315	0.158710487937862	0.1187275	0.223055619166833
2.6	0.27	0.101601109564639	0.168398890435361	2.57207101316524E-4	0.269742792898683	0.0157904511540821	0.152608439281279	5.08608816516962E-4	0.269234184082166	0.245278914684536	0.148122518268714	0.17223206451004	0.146	0.245278914684536
2.7	0.215	0.109138032749803	0.105861967250197	2.99436240798068E-4	0.214700563759202	0.0163531338386715	0.0895088334115252	6.60395227529395E-4	0.214040168531673	0.266520748657319	0.174677954108476	0.186875266701639	0.17025	0.266520748657319
2.8	0.18	0.116858863447119	0.0631411365528815	3.48167577000619E-4	0.179651832422999	0.0169413743045968	0.0461997622482847	8.53544937200681E-4	0.178798287485799	0.288725512190456	0.197250131202162	0.203955824909494	0.19	0.288725512190456
2.9	0.215	0.124751684601848	0.0902483153981519	4.04328956245319E-4	0.214595671043755	0.0175584010962871	0.0726899143018648	0.00109812373349095	0.213497547310264	0.311860436727492	0.218337477223713	0.220729159276105	0.20975	0.311860436727492
3	0.28	0.132804706434317	0.147195293565683	4.68968767683618E-4	0.279531031232316	0.0182072729880596	0.128988020577624	0.00140630197905129	0.278124729253265	0.333444639961622	0.23947491987796	0.235168010951011	0.2317325	0.333444639961622
3.1	0.36	0.141006351943945	0.218993648056055	5.4326978657422E-4	0.359456730213426	0.0188909897837119	0.200102658272343	0.00179270289831305	0.357664027315113	0.360756439328981	0.275068961373194	0.252996810120849	0.2665	0.360756439328981
3.2	0.235	0.14934533903905	0.0856546609609504	6.28564343802192E-4	0.234371435656198	0.0196125876049328	0.0660420733560176	0.0022747856294265	0.232096650026771	0.38642013275973	0.30837081733665	0.269886701209777	0.29625	0.38642013275973
3.3	0.2	0.157810758725129	0.0421892412748708	7.26350912277356E-4	0.199273649087723	0.0203752200231959	0.0218140212516749	0.00287326084164433	0.196400388246078	0.412820518536281	0.333150690939808	0.287667549805477	0.318	0.412820518536281
3.4	0.195	0.166392148846124	0.028607851153876	8.38312202057722E-4	0.194161687797942	0.0211822276885331	0.00742562346534289	0.00361253492885373	0.190549152869089	0.43989688456943	0.355005177586212	0.306485339177657	0.33775	0.43989688456943
3.5	0.315	0.175079562938797	0.139920437061203	9.66334856465692E-4	0.314033665143534	0.0220371996500503	0.117883237411153	0.00452117667497103	0.309512488468563	0.464790887209813	0.37419282492757	0.324412103030951	0.36016	0.464790887209813
3.6	0.3	0.183863633828911	0.116136366171089	0.00111253084097152	0.298887469159028	0.022944029610604	0.0931923365604848	0.00563239785701074	0.293255071302018	0.495820427258878	0.39791424836893	0.347748336196894	0.394	0.495820427258878
3.7	0.29	0.192735631668276	0.0972643683317243	0.00127926061507263	0.288720739384927	0.0239069701338689	0.0733573981978554	0.00698453653595632	0.281736202848971	0.524535589094231	0.420086314793385	0.37050667692485	0.4235	0.524535589094231
3.8	0.265	0.20168751618302	0.0633124838169801	0.00146915817465488	0.263530841825345	0.0249306874919144	0.0383817963250657	0.00862152883553802	0.254909312989807	0.553665469504354	0.443008213250334	0.394981420223022	0.45125	0.553665469504354
3.9	0.27	0.210711982974636	0.0592880170253642	0.00168515804823174	0.268314841951768	0.0260203195155279	0.0332676975098363	0.0105933519012956	0.257721490050473	0.583147040655186	0.466774174161432	0.421504294589	0.478	0.583147040655186
4	0.3	0.219802503785502	0.0801974962144975	0.00193052432486393	0.298069475675136	0.0271815385518429	0.0530159576626546	0.0129564175707595	0.285113058104377	0.609932299394541	0.488936268323098	0.447463131638538	0.503515	0.609932299394541
4.1	0.31	0.22895336070889	0.08104663929111	0.00220888178430647	0.307791118215694	0.0284206214748168	0.0526260178162933	0.0157738932022857	0.292017225013408	0.642935136306676	0.517065990303199	0.482204145875106	0.537	0.642935136306676
4.2	0.295	0.238159674389021	0.0568403256109787	0.00252424919084984	0.29247575080915	0.0297445286430392	0.0270957969679395	0.0191159232646677	0.273359827544482	0.673142764940471	0.543669659582102	0.516332809606476	0.56725	0.673142764940471
4.3	0.28	0.247417426318929	0.0325825736810708	0.0028810748012576	0.277118925198742	0.0311609937542862	0.00142157992678462	0.0230597228669597	0.254059202331783	0.700465033222278	0.568476909439576	0.54809627686574	0.5931925	0.700465033222278
4.4	0.275	0.256723475401928	0.0182765245980718	0.00328427412399519	0.271715725876005	0.0326786267011441	-0.0144021021030723	0.0276895126134804	0.244026213262524	0.734004849456677	0.599935617397095	0.586888150673875	0.62375	0.734004849456677
4.5	0.235	0.266075568995968	-0.0310755689959676	0.00373926995144006	0.23126073004856	0.0343070317812233	-0.0653826007771909	0.0330962632221569	0.198164466826403	0.761554277145114	0.626626072158616	0.61826184568176	0.64688	0.761554277145114
4.6	0.305	0.275472348708487	0.0295276512915127	0.00425203466881929	0.300747965331181	0.0360569439559854	-0.00652929266447264	0.0393772184694075	0.261370746861773	0.795358479691276	0.660435452102542	0.656450147225894	0.67625	0.795358479691276
4.7	0.285	0.284913351252286	8.66487477144684E-5	0.00482913482310118	0.280170865176899	0.0379403862845973	-0.0378537375368829	0.046635166439268	0.233535698737631	0.826234025268051	0.692327563319091	0.69143529873309	0.70575	0.826234025268051
4.8	0.295	0.29439900471007	6.00995289929851E-4	0.00547777791185693	0.289522222088143	0.0399708521875177	-0.0393698568975879	0.0549774319560556	0.234544790132087	0.857282270971113	0.725343492344332	0.727020728718968	0.73475	0.857282270971113
4.9	0.29	0.303930620586613	-0.0139306205866128	0.00620586132610687	0.283794138673893	0.0421635168253783	-0.0560941374119911	0.0645145676312391	0.219279571042654	0.888555796479128	0.759505919094917	0.763449722819211	0.764	0.888555796479128
5	0.35	0.313510382052699	0.0364896179473008	0.00702202335229694	0.342977976647703	0.0445354826200557	-0.00804586467275492	0.0753587272683124	0.267619249379391	0.916953341135144	0.791252116025387	0.797104172157349	0.79253	0.916953341135144
5.1	0.31	0.323141328804361	-0.0131413288043614	0.00793569610676871	0.302064303893231	0.047106064803676	-0.0602473936080374	0.0876217134897015	0.21444259040353	0.952084562089613	0.831367722544045	0.839502227151582	0.829	0.952084562089613
5.2	0.305	0.332827338974284	-0.0278273389742843	0.00895716024137034	0.29604283975863	0.0498971238605475	-0.0777244628348318	0.101412701340956	0.194630138417673	0.984541877697003	0.869120435431971	0.879366174135499	0.85975	0.984541877697003
5.3	0.35	0.342573108539984	0.00742689146001585	0.0100976012212296	0.33990239877877	0.0529334528203051	-0.0455065613602892	0.11683565115931	0.223066747619461	1.01762874871709	0.908127151439064	0.920582848390489	0.8925	1.01762874871709
5.4	0.32	0.352384128675573	-0.0323841286755731	0.0113691669352327	0.308630833064767	0.0562432285440737	-0.0886273572196468	0.133986436932096	0.174644396132671	1.05149498325316	0.948421052748737	0.963236594576578	0.926	1.05149498325316
5.5	0.4	0.362266661490973	0.0377333385090267	0.0127850263565281	0.387214973643472	0.0598585373650322	-0.0221251988560055	0.15294973037287	0.234265243270602	1.08277952079912	0.985816294494423	1.00292124962053	0.95804	1.08277952079912
5.6	0.45	0.372227714594663	0.0777722854053371	0.0143594289245654	0.435640571075435	0.0638159865951342	0.0139562988102029	0.173795695558799	0.261844875516636	1.12225487259183	1.03302085554822	1.05318318731565	1.0045	1.12225487259183
5.7	0.55	0.382275014903815	0.167724985096185	0.0161077642719851	0.533892235728015	0.0681574143020354	0.0995675707941497	0.196576563650793	0.337315672077222	1.15953383841688	1.07741247220842	1.10064379752933	1.0545	1.15953383841688
5.8	0.4	0.392416982109468	0.00758301789053223	0.0180466218693762	0.381953378130624	0.0729307100706675	-0.0653476921801352	0.221323171319934	0.16063020681069	1.19835885330536	1.1232639396181	1.1498792758737	1.102	1.19835885330536
5.9	0.495	0.402662702184553	0.0923372978154473	0.020193850108833	0.474806149891167	0.0781907586537909	0.0141465391616564	0.248041559327296	0.226764590563871	1.23895362333754	1.17063152089643	1.20097910531697	1.14675	1.23895362333754
6	0.44	0.413021901299708	0.0269780987002925	0.0225686142937721	0.417431385706228	0.0840005156082277	-0.0570224169079352	0.276709738509432	0.140721647196796	1.27719299051692	1.2146105573092	1.24863410164627	1.1890725	1.27719299051692
6.1	0.445	0.42350492048623	0.0214950795137699	0.0251914529480697	0.41980854705193	0.0904322178036932	-0.0689371382899232	0.307274738466865	0.112533808585065	1.32638104900291	1.27017482720565	1.30910236766984	1.23775	1.32638104900291
6.2	0.53	0.434122691357774	0.0958773086422257	0.0280843318027823	0.501915668197218	0.0975687198611249	-0.00169141121889925	0.339650058833194	0.162265609364024	1.37368453723707	1.32250076779709	1.36624603885944	1.2865	1.37368453723707
6.3	0.59	0.444886713172875	0.145113286827125	0.0312706947641102	0.55872930523589	0.105504926671966	0.0396083601551592	0.373713643492586	0.185015661743303	1.42369185604554	1.37664551257429	1.42546583470958	1.3425	1.42369185604554
6.4	0.44	0.455809031489533	-0.0158090314895328	0.034775511112528	0.405224488887472	0.114349256866096	-0.130158288355629	0.409306494010851	-0.00408200512337925	1.47662749130135	1.43270981051441	1.48671471336728	1.394	1.47662749130135
6.5	0.555	0.466902218631312	0.0880977813686881	0.0386253181308592	0.516374681869141	0.124225014441058	-0.0361272330723697	0.446232029510528	0.070142652358613	1.52694934468377	1.48490243793413	1.54349314349998	1.4382575	1.52694934468377
6.6	0.5	0.47817935615199	0.0218206438480101	0.0428482583093273	0.457151741690673	0.135271453978069	-0.113450810130059	0.484256286114327	-0.0271045444236538	1.59211826893837	1.55106555790652	1.61487592936335	1.4965	1.59211826893837
6.7	0.56	0.48965401945317	0.0703459805468298	0.0474741102291091	0.512525889770891	0.147644182235633	-0.0772982016888028	0.523109029992986	-0.0105831402220952	1.65504640472771	1.61362887935156	1.68153450679542	1.5495	1.65504640472771
6.8	0.6	0.501340264676593	0.0986597353234072	0.0525343121835746	0.547465687816425	0.161514322921334	-0.0628545875979267	0.562485834320075	-0.0150201465036495	1.72164074521235	1.67865883192227	1.74978470168253	1.6075	1.72164074521235
6.9	0.63	0.513252617960436	0.116747382039564	0.0580619775591835	0.571938022440817	0.177065554498944	-0.0603181724593806	0.602051142647943	-0.0301131202071263	1.79202570929901	1.74633628325777	1.81960069532383	1.669	1.79202570929901
7	0.775	0.525406067116868	0.249593932883132	0.0640919009668914	0.710908099033109	0.194487685234186	0.0551062476489463	0.641442310212821	0.0694657888202881	1.85869098206634	1.80967536641712	1.88380180873302	1.7315725	1.85869098206634
7.1	0.775	0.537816055756538	0.237183944243462	0.0706605540909801	0.70433944590902	0.213964841966825	0.0232191022766371	0.680274581513796	0.0240648643952238	1.944506936284	1.89045831629675	1.96411990643331	1.81675	1.944506936284
7.2	0.785	0.550498479854757	0.234501520145243	0.0778060702064453	0.707193929793555	0.235655654243044	-0.00115413409780113	0.71814692843797	-0.0109529986444148	2.0266860442642	1.96736461150549	2.03902513773367	1.89475	2.0266860442642
7.3	0.85	0.563469686723664	0.286530313276336	0.0855682163095709	0.764431783690429	0.259662164328669	0.0268681489476671	0.754648639607039	0.00978314408339032	2.1128177550082	2.04783644890057	2.11587000653296	1.9765	2.1128177550082
7.4	0.76	0.576746476324818	0.183253523675182	0.0939883518100765	0.666011648189924	0.285983969174782	-0.102730445499599	0.789366519957941	-0.123354871768018	2.20284951214349	2.13213626095648	2.19479985601335	2.057	2.20284951214349
7.5	0.875	0.590346104827121	0.284653895172879	0.103109372748296	0.771890627251704	0.314455076245047	-0.0298011810721689	0.821892531305	-0.0500019040532956	2.2871382730384	2.21149135473503	2.26774101363162	2.1300575	2.2871382730384
7.6	1	0.604286290285724	0.395713709714276	0.112975640528194	0.887024359471806	0.344664416149965	0.0510492935643113	0.851831681154951	0.0351926783168545	2.39421197056103	2.31321901359085	2.35950008441099	2.2325	2.39421197056103
7.7	1.015	0.618585220288229	0.396414779711771	0.12363289419755	0.89136710580245	0.37586852628435	0.0205462534274211	0.878809949603495	0.0125571561989554	2.49524990510662	2.41040672435259	2.44555238620341	2.33325	2.49524990510662
7.8	1	0.63326156138496	0.36673843861504	0.135128145361203	0.864871854638797	0.406917596789609	-0.0401791581745691	0.902482033757648	-0.0376101791188513	2.5996064943286	2.51216599604475	2.53424620663757	2.434	2.5996064943286
7.9	1.1	0.648334470089735	0.451665529910265	0.147509554882562	0.952490445117439	0.43623190390369	0.0154336260065748	0.922538686544953	0.0299517585724852	2.70705390751829	2.61844451601341	2.62569461217045	2.539	2.70705390751829
8	1.16	0.663823605206291	0.496176394793708	0.16082629061324	0.99917370938676	0.461876525269181	0.034299869524527	0.938713432398229	0.0604602769885312	2.80618980770208	2.71777542353413	2.71043110086887	2.64043	2.80618980770208
8.1	1.185	0.679749141202608	0.505250858797392	0.17512836549123	1.00987163450877	0.481773001120612	0.0234778576767804	0.950788456186673	0.0590831783220974	2.91879229136755	2.83184840715197	2.80734962123664	2.7574125	2.91879229136755
8.2	1.1	0.696131782320423	0.403868217679577	0.190466455464673	0.909533544535327	0.494043005566927	-0.09017478788735	0.958599483562753	-0.0490659390274263	3.04529939352919	2.96111988591321	2.91736679435581	2.8835	3.04529939352919
8.3	1.23	0.712992777069636	0.517007222930364	0.206891696831262	1.02310830316874	0.497406606521887	0.0196006164084764	0.962039499896726	0.0610688032720118	3.16238229472922	3.08124059702626	3.02047763804657	3	3.16238229472922
8.4	1.24	0.730353932716389	0.509646067283611	0.224455462732488	1.01554453726751	0.491496265577817	0.0181498017057939	0.961061190115703	0.0544833471518086	3.28112562526565	3.20294301195962	3.12648749399704	3.1235	3.28112562526565
8.5	1.19	0.748237629328695	0.441762370671305	0.243209118707103	0.946790881292897	0.476952994180759	-0.0351906235094536	0.955678021689796	-0.00888714039689942	3.38916162639461	3.31312128618251	3.22429656180775	3.233075	3.38916162639461
8.6	1.21	0.766666832893874	0.443333167106126	0.263203757388702	0.946796242611298	0.455260355989163	-0.0119271888830371	0.945963936114757	8.32306496540536E-4	3.51022415023347	3.43557119366791	3.33551075468217	3.35291	3.51022415023347
8.7	1.25	0.7856651069668	0.4643348930332	0.284489912627609	0.965510087372391	0.428391864228472	0.0359430288047277	0.932051658770666	0.0334584286017252	3.64430677797831	3.56964041095049	3.46072022559351	3.488	3.64430677797831
8.8	1.29	0.805256622246394	0.484743377753606	0.307117253526181	0.982882746473819	0.398415762851183	0.0863276149024231	0.91412968116019	0.068753065313629	3.76674231035249	3.69055574183037	3.57692711851205	3.615	3.76674231035249
8.9	1.175	0.82546616340886	0.34953383659114	0.331134259097966	0.843865740902034	0.367183522235617	-0.0176496856444769	0.892438011438817	-0.0485722705367836	3.88944550473106	3.81038614110831	3.69516157121807	3.73825	3.88944550473106
9	1.21	0.846319132449035	0.363680867550965	0.356587874493378	0.853412125506621	0.336158172993224	0.0275226945577406	0.867262827145003	-0.013850701638382	3.99993264792286	3.91731477714696	3.80311514317745	3.8454175	3.99993264792286
9.1	1.09	0.867841547694846	0.222158452305154	0.383523149975846	0.706476850024154	0.306371626016583	-0.0842131737114284	0.838930196617205	-0.132453346593051	4.12259270954619	4.03522891393699	3.92458113363148	3.96154	4.12259270954619
9.2	1.15	0.890060037563428	0.259939962436572	0.411982864080684	0.738017135919316	0.278466750634629	-0.0185267881980566	0.807799061511311	-0.0697819255919947	4.2572302590265	4.16410430574605	4.0598293759374	4.0845	4.2572302590265
9.3	1.175	0.913001828019807	0.261998171980193	0.442007132641953	0.732992867358047	0.252778056360556	0.00922011561963687	0.774253691194415	-0.0412608238363682	4.37925642452862	4.28080845758028	4.18411936195895	4.20075	4.37925642452862
9.4	1.27	0.936694722579457	0.333305277420543	0.473633005627726	0.796366994372274	0.229418330380177	0.103886947040366	0.738695830040174	0.0576711643320996	4.50086922536569	4.39739104366919	4.30959140941889	4.323	4.50086922536569
9.5	1.19	0.961167073563544	0.228832926436456	0.506894053978691	0.683105946021309	0.208354036492091	0.0204788899443642	0.701536760618484	-0.0184308145971753	4.60995558043502	4.50246664847744	4.423494581431	4.43406	4.60995558043502
9.6	1.2	0.986447743169603	0.213552256830397	0.541819948895912	0.658180051104088	0.189463556315148	0.0240887005152489	0.663189499666504	-0.00500944856241548	4.74284594271116	4.6314210232293	4.56397561815774	4.5655	4.74284594271116
9.7	1.17	1.01256605276019	0.157433947239806	0.578436036267718	0.591563963732282	0.172578629950257	-0.0151446827104507	0.624061330111369	-0.032497366379087	4.86331406894859	4.7494633458907	4.69294305891536	4.684	4.86331406894859
9.8	1.27	1.03955171859755	0.230448281402452	0.616762909159741	0.653237090840259	0.157511968991431	0.0729363124110205	0.584546852162064	0.0686902386781945	4.98357542959433	4.86856426075136	4.82318992966674	4.806	4.98357542959433
9.9	1.145	1.06743477206326	0.0775652279367434	0.656815981512676	0.488184018487324	0.144074552017463	-0.0665093240807201	0.545021710729221	-0.0568376922418967	5.10378534754632	4.98898435700579	4.95482144915575	4.92675	5.10378534754632
10	1.23	1.09624546219944	0.133754537800556	0.698605066396028	0.531394933603972	0.132085712336441	0.0016688254641157	0.50583712648571	0.0255578071182619	5.21208867361826	5.0986931882834	5.07457557854264	5.0332425	5.21208867361826
10.1	1.14	1.12601413819257	0.0139858618074336	0.742133962349227	0.397866037650773	0.12137843873786	-0.107392576930426	0.467315325180635	-0.0694492875298614	5.34485483715741	5.23474794502163	5.22274548007555	5.164	5.34485483715741
10.2	1.28	1.15677110919507	0.123228890804933	0.787400051500816	0.492599948499184	0.111801636349608	0.0114272544553248	0.429745925834791	0.0628540226643925	5.46619769731518	5.36053990694223	5.35931821708311	5.285	5.46619769731518
10.3	1.34	1.18854647864654	0.151453521353459	0.834393913288351	0.505606086711649	0.103220545789785	0.0482329755636747	0.39338331461155	0.112222772100099	5.58844802672396	5.48855110382964	5.49782765231751	5.416	5.58844802672396
10.4	1.275	1.22136995001898	0.0536300499810214	0.883098957703031	0.391901042296969	0.0955161111667575	-0.0418860611857361	0.358444998804222	0.0334560434927469	5.71191099575227	5.61897836933345	5.63842343238123	5.54675	5.71191099575227
10.5	1.19	1.25527060067596	-0.0652706006759649	0.933491082050821	0.256508917949179	0.0885838014330962	-0.153854402109061	0.325110905680128	-0.0686019877309493	5.82433097019957	5.73858467809046	5.76686675006737	5.6580575	5.82433097019957
10.6	1.28	1.29027662031086	-0.0102766203108613	0.985538355252997	0.294461644747003	0.0823321965155766	-0.0926088168264379	0.293523564838166	9.38079908836986E-4	5.96377915059069	5.88782860909107	5.92646868947346	5.7935	5.96377915059069
10.7	1.265	1.32641501022415	-0.0614150102241524	1.03920073370121	0.225799266298789	0.0766815230937941	-0.138096533317947	0.263789091000349	-0.0379898247015598	6.09286485018727	6.02660916824206	6.07420995167067	5.92075	6.09286485018727
10.8	1.5	1.36371123952768	0.136288760472315	1.09442981263301	0.405570187366991	0.0715622440089041	0.064726516463411	0.235978867247105	0.169591320119886	6.22451539092149	6.16852305795081	6.22461967771768	6.059	6.22451539092149
10.9	1.29	1.40218885423934	-0.112188854239341	1.15116861690146	0.13883138309854	0.0669137548210941	-0.179102609060435	0.210131816846676	-0.0713004337481358	6.359079785711	6.3137373063346	6.37783541943128	6.1985	6.359079785711
11	1.42	1.4418690351751	-0.0218690351750988	1.20935143487589	0.210648565124111	0.0626832104011765	-0.0845522455762752	0.186257145005979	0.0243914201181321	6.48296450910586	6.44738721854879	6.51823932067594	6.319865	6.48296450910586
11.1	1.61	1.48277010057983	0.127229899420171	1.26890369902851	0.341096300971494	0.0588244864889997	0.0684054129311709	0.164337429852027	0.176758871119467	6.63832329189019	6.61471833575642	6.69321582080143	6.4855	6.63832329189019
11.2	1.47	1.52490694959162	-0.0549069495916164	1.329741916534	0.140258083465997	0.055297271161963	-0.110204220753579	0.144331944322864	-0.00407386085686701	6.78366678999053	6.77080375328816	6.85563594477466	6.6395	6.78366678999053
11.3	1.48	1.56829044293955	-0.0882904429395452	1.39177365293575	0.0882263470642461	0.0520662760705261	-0.140356719010071	0.126180096842897	-0.0379537497786508	6.9332464998036	6.9308272830857	7.02137285922708	6.787	6.9332464998036
11.4	1.53	1.61292671776973	-0.0829267177697344	1.45489757161424	0.0751024283857649	0.0491005551571557	-0.13202727292689	0.109804888013725	-0.0347024596279598	7.08735858311766	7.09494198668199	7.19054395707812	6.9375	7.08735858311766
11.5	1.605	1.65881643422165	-0.0538164342216547	1.5190035314318	0.0859964685682022	0.0463729181460115	-0.100189352367666	0.095116292341896	-0.00911982377369377	7.23016414752144	7.24626762237622	7.34582769471396	7.0782375	7.23016414752144
11.6	1.42	1.7059539523839	-0.285953952383902	1.58397274452518	-0.163972744525175	0.0438594266052301	-0.329813378989132	0.0820144875039713	-0.245987232029146	7.41026757294061	7.43604414147115	7.53963633271539	7.2455	7.41026757294061
11.7	1.6	1.75432643959674	-0.154326439596739	1.64967799577564	-0.0496779957756366	0.0415389613730213	-0.195865400969761	0.0703928680895256	-0.120070863865162	7.57955417031586	7.6133238477355	7.71976981823973	7.3965	7.57955417031586
11.8	1.7	1.80391290979113	-0.103912909791134	1.71598392500975	-0.0159839250097513	0.0393928513230965	-0.14330576111423	0.0601407954870616	-0.076124720496813	7.75434948383077	7.7952783630525	7.90376133200283	7.5615	7.75434948383077
11.9	1.62	1.85468319871376	-0.234683198713755	1.78274737247515	-0.162747372475146	0.0374045546627561	-0.272087753376511	0.0511460499844491	-0.213893422459596	7.93483788585594	7.98204425508202	8.09170396853936	7.7275	7.93483788585594
12	1.8	1.90659688153417	-0.106596881534166	1.84981778759987	-0.049817787599866	0.0355593851199902	-0.142156266654156	0.0432969647364241	-0.0931147523362901	8.10227655172367	8.15435607887148	8.26430270192377	7.88059	8.10227655172367
12.1	1.99	1.95960214250538	0.030397857494622	1.91703770048581	0.0729622995141908	0.0338442764403893	-0.00344641894576735	0.0364842336035954	0.0364780659105953	8.31350132396286	8.37053013190479	8.47978467546097	8.08799999999999	8.31350132396286
12.2	2.01	2.01363461007969	-0.00363461007968935	1.98424325501178	0.0257567449882155	0.032247579563129	-0.0358821896428184	0.0306023956959727	-0.00484565070775727	8.51191350229212	8.5724940810509	8.68007697134332	8.28799999999999	8.51191350229212
12.3	1.975	2.06861617517393	-0.0936161751739335	2.05126480183572	-0.0762648018357224	0.0307588876755323	-0.124375062849466	0.0255510085720023	-0.101815810407725	8.71649254042221	8.77975510828019	8.88462758309723	8.48725	8.71649254042221
12.4	2.13	2.12445381510755	0.00554618489244518	2.11792754899477	0.0120724510052308	0.029368885063701	-0.0238227001712558	0.0212355293641632	-0.00916307835893244	8.92728961870406	8.99241393067206	9.09349387491937	8.6925	8.92728961870406
12.5	2.2	2.18103845103852	0.0189615489614807	2.18405226721292	0.0159477327870814	0.0280692162924005	-0.00910766733091977	0.017567928626	-0.00162019583891862	9.12234407883555	9.1884964063389	9.28520341834809	8.887035	9.12234407883555
12.6	2.255	2.23824387237956	0.0167561276204387	2.24945604644513	0.00554395355486959	0.0268523727722846	-0.0100962451518459	0.0144670654997915	-0.00892311194492193	9.36760866761986	9.43427136636766	9.52435589912915	9.13174999999999	9.36760866761986
12.7	2.305	2.29592576751227	0.00907423248773354	2.31395309962153	-0.00895309962153279	0.0257115942182553	-0.0166373617305218	0.0118588550252589	-0.0208119546467917	9.59709995339679	9.66361012815945	9.74641677701925	9.35974999999999	9.59709995339679
12.8	2.365	2.35392090587784	0.0110790941221635	2.37735560901208	-0.0123556090120749	0.0246407828802087	-0.0135616887580453	0.00967625922787143	-0.0220318682399463	9.83274874198728	9.89862351705397	9.97292185799171	9.59324999999999	9.83274874198728
12.9	2.425	2.41204652188038	0.012953478119623	2.43947461011779	-0.0144746101177917	0.0236344287465498	-0.0106809506269268	0.00785913324864521	-0.0223337433664369	10.0744756386194	10.1393406023726	10.2038736421762	9.83274999999999	10.0744756386194
13	2.49	2.47009995557779	0.0199000444222133	2.50012090751639	-0.0101209075163871	0.0226875441904448	-0.00278749976823157	0.00635395642790506	-0.0164748639442921	10.2971411761732	10.3608707459572	10.4155232375603	10.0536325	10.2971411761732
13.1	2.53	2.5278586083647	0.00214139163529614	2.55910601665346	-0.0291060166534569	0.0217956067564426	-0.0196542151211464	0.00511347615667037	-0.0342194928101273	10.5757238598719	10.6379012241985	10.6790580210556	10.3295	10.5757238598719
13.2	2.385	2.58508027321443	-0.200080273214432	2.6162431251826	-0.2312431251826	0.0209545089773895	-0.221034782191821	0.0040962896753684	-0.235339414857969	10.8349661419133	10.8956961569062	10.9232236263128	10.57525	10.8349661419133
13.3	2.66	2.64150389794532	0.0184961020546761	2.67134806712347	-0.011348067123472	0.0201605142740742	-0.00166441221939813	0.00326638602754557	-0.0146144531510176	11.0997299506521	11.1590937544791	11.1717002542278	10.8275	11.0997299506521
13.4	2.57	2.69685083581379	-0.126850835813787	2.72424030283168	-0.154240302831677	0.0194102181274817	-0.146261053941268	0.0025926672402432	-0.15683297007192	11.3698201442224	11.4280049596041	11.4244133510831	11.089	11.3698201442224
13.5	2.84	2.75082662996548	0.0891733700345236	2.77474389756283	0.0652561024371701	0.0187005138299078	0.0704728562046158	0.00204846465035615	0.0632076377868139	11.6172773838849	11.6746422293701	11.6554014457124	11.331235	11.6172773838849
13.6	2.9	2.80312336647164	0.0968766335283564	2.82268849126891	0.0773115087310936	0.0180285622198336	0.0788480713085228	0.00161106324717239	0.0757004454839212	11.9250964647925	11.9818655352943	11.9421616898225	11.6465	11.9250964647925
13.7	3.075	2.8534226146077	0.221577385392297	2.86791025219135	0.207089747808651	0.0173917648891874	0.204185620503109	0.00126124404704076	0.205828503761611	12.2097924884732	12.2664863052727	12.2069572887506	11.94525	12.2097924884732
13.8	2.75	2.90139895273932	-0.15139895273932	2.91025280681441	-0.160252806814407	0.016787740422806	-0.168186693162126	9.82851921911206E-4	-0.161235658736318	12.4988366953508	12.5559614461762	12.4755094273042	12.2365	12.4988366953508
13.9	3.065	2.94672405406006	0.118275945939937	2.94956813881542	0.115431861184576	0.0162143032904999	0.102061642649437	7.62394010518967E-4	0.114669467174057	12.7919401392781	12.8500454252924	12.7476511294973	12.52725	12.7919401392781
14	3.02	2.9890712792706	0.0309287207293969	2.98571744979666	0.0342825502033386	0.0156694450638041	0.0152592756655928	5.88671869555607E-4	0.033693878333783	13.0589524992413	13.1184320340869	12.9954945786369	12.8012775	13.0589524992413
14.1	3.05	3.02812069432874	0.021879305671261	3.01857197480531	0.0314280251946855	0.0151513176736294	0.00672798799763159	4.52448875231483E-4	0.030975576319454	13.389092232257	13.4508932120565	13.3019416893143	13.135	13.389092232257
14.2	3.25	3.06356440226849	0.186435597731508	3.04801374594345	0.201986254056549	0.0146582184627908	0.171777379268717	3.4615305235297E-4	0.201640101004196	13.6924898416067	13.7570032161727	13.5836642832262	13.45	13.6924898416067
14.3	3.04	3.09511205075831	-0.0551120507583049	3.07393629773519	-0.0339362977351949	0.0141885768197472	-0.0693006275780521	2.63614467293238E-4	-0.0341999122024882	13.9986471001676	14.0664168939087	13.8681253370186	13.7645	13.9986471001676
14.4	3.065	3.12249635372309	-0.0574963537230921	3.09624530835156	-0.0312453083515636	0.0137409422076672	-0.0712372959307594	1.99835544834214E-4	-0.0314451438963978	14.307209384336	14.3787333365381	14.1550698429347	14.06975	14.307209384336
14.5	3.05	3.14547844819471	-0.0954784481947053	3.11485917128986	-0.0648591712898585	0.0133139734268268	-0.108792421621532	1.50792124376413E-4	-0.0650099634142349	14.5866711640091	14.6619480583683	14.4152206656616	14.3449925	14.5866711640091
14.6	3.06	3.16385289858227	-0.103852898582275	3.12970949265944	-0.069709492659435	0.0129064289689173	-0.116759327551192	1.13262724198561E-4	-0.0698227553836336	14.93008566865	15.0103465379768	14.7353175161788	14.681	14.93008566865
14.7	2.95	3.17745216133076	-0.227452161330759	3.14074150983351	-0.190741509833508	0.0125171583396036	-0.239969319670363	8.46832991503069E-5	-0.190826193132658	15.2436497420543	15.3287269297605	15.0280437973058	14.9815	15.2436497420543
14.8	3.065	3.18615033436477	-0.121150334364772	3.14791442788087	-0.0829144278808709	0.0121450942410143	-0.133295428605786	6.30247248108223E-5	-0.0829774526056817	15.5581218433336	15.6481849250462	15.3221034150941	15.28225	15.5581218433336
14.9	3.3	3.18986603786459	0.110133962135409	3.15120167088518	0.148798329114818	0.0117892455191373	0.0983447166162716	4.66902898068754E-5	0.148751638825011	15.8731152247266	15.9682276413876	15.6171854102633	15.6005	15.8731152247266
15	3.475	3.18856430493896	0.286435695061044	3.15059104598513	0.324408954014868	0.0114486907926136	0.274987004268431	3.44306010236365E-5	0.324374523413844	16.1567336146676	16.2563538057425	15.8833721220575	15.9045875	16.1567336146676
15.1	3.285	3.18225740088405	0.102742599115949	3.14608481871854	0.138915181281463	0.0111225726894348	0.0916200264265137	2.52734808807003E-5	0.138889907800582	16.5031099052368	16.6080707842693	16.2091490928563	16.27725	16.5031099052368
15.2	3.21	3.17100453540832	0.0389954645916823	3.13769969901879	0.0723003009812078	0.0108100926267567	0.0281853719649256	1.84666424485992E-5	0.0722818343387592	16.8173331957397	16.9268746428584	16.5053921537314	16.602	16.8173331957397
15.3	3.26	3.15491048036409	0.105089519635913	3.12546673798484	0.13453326201516	0.0105105060766328	0.0945790135592806	1.34311513436435E-5	0.134519830863816	17.1305246793565	17.2442794505435	16.8013849962034	16.9255	17.1305246793565
15.4	3.065	3.13412315281623	-0.0691231528162253	3.1094311363171	-0.0444311363171019	0.0102231182670962	-0.0793462710833214	9.72391083517308E-6	-0.0444408602279371	17.442301870267	17.5598093964354	17.0968138408733	17.24175	17.442301870267
15.5	3	3.1088302664397	-0.108830266439695	3.08965196607322	-0.0896519660732249	0.00994728027380881	-0.118777546713504	7.0076292323623E-6	-0.0896589737024573	17.7213801471604	17.8418035150943	17.3619632564997	17.5149675	17.7213801471604
15.6	3.025	3.07925519043065	-0.0542551904306485	3.06620180814058	-0.0412018081405843	0.00968238546257055	-0.0639375758932191	5.02693981972687E-6	-0.041206835080404	18.0601106971529	18.1834289695138	17.6847578204448	17.84625	18.0601106971529
15.7	3.44	3.04565218218003	0.394347817819966	3.03916630853897	0.400833691461027	0.0094278662474242	0.384919951572542	3.58953902462294E-6	0.400830101922002	18.365408722585	18.4906653866303	17.9766849153376	18.1695	18.365408722585
15.8	3	3.00830117659594	-0.00830117659593999	3.00864365734909	-0.00864365734908734	0.00918319113300054	-0.0174843677289405	2.55138557099649E-6	-0.00864620873465834	18.6678278574064	18.7943266924164	18.2668756247286	18.4915	18.6678278574064
15.9	2.765	2.96750232080122	-0.202502320801218	2.97474399470284	-0.20974399470284	0.0089478620131807	-0.211450182814398	1.80516096481275E-6	-0.209745799863805	18.967024831805	19.0940539110815	18.5550667120882	18.77975	18.967024831805
16	2.69	2.92357043849444	-0.233570438494443	2.93758874886343	-0.247588748863433	0.00872141170117821	-0.242291850195621	1.27132970620469E-6	-0.24759002019314	19.23327275869	19.360172825091	18.8125234536617	19.0255625	19.23327275869
16.1	2.89	2.87682959481517	0.0131704051848325	2.89730991196034	-0.00730991196033992	0.00850340166881203	0.00466700351602045	8.91256846202633E-7	-0.00731080321718612	19.5544381899363	19.6804251100719	19.1244727659904	19.3315	19.5544381899363
16.2	2.84	2.82760791191865	0.0123920880813495	2.85404925942145	-0.0140492594214514	0.00829341997509772	0.00409866810625179	6.21942142771752E-7	-0.0140498813635942	19.8134674355102	19.9381245631259	19.3772903508617	19.589575	19.8134674355102
16.3	2.815	2.77623275977629	0.0387672402237085	2.80795751955697	0.00704248044302913	0.00809107936636853	0.03067616085734	4.32015685123378E-7	0.00704204842734401	20.1251533185642	20.2475399507509	19.683113556483	19.90075	20.1251533185642
16.4	2.87	2.72302641819231	0.146973581807695	2.75919350009352	0.110806499906482	0.00789601553198441	0.139077566275711	2.98711172840788E-7	0.110806201195309	20.4035322774928	20.5233191601276	19.9579133718723	20.185	20.4035322774928
16.5	2.315	2.6683022767572	-0.353302276757199	2.70792317872918	-0.392923178729182	0.00770788550132343	-0.361010162258522	2.05591825053387E-7	-0.392923384321007	20.6498027030683	20.7668919392238	20.2024708084704	20.4208225	20.6498027030683
16.6	2.51	2.61236161125584	-0.102361611255844	2.65431876497935	-0.144318764979346	0.00752636616920416	-0.109887977425048	1.4085187716421E-7	-0.144318905831223	20.9450387574224	21.0584868512511	20.4976613651596	20.6855	20.9450387574224
16.7	2.435	2.55549094934105	-0.120490949341053	2.59855774070749	-0.163557740707494	0.00735115293817975	-0.127842102279232	9.6055416505043E-8	-0.16355783676291	21.1816857239951	21.2919754454035	20.7360323144905	20.9083625	21.1816857239951
16.8	2.55	2.49796001607572	0.0520399839242764	2.54082188678512	0.0091781132148796	0.00718195846729486	0.0448580254569816	6.52053908342059E-8	0.00917804800948877	21.4646841648051	21.5710393726182	21.0234013916308	21.182	21.4646841648051
16.9	2.66	2.44002023181932	0.219979768180683	2.48129630330101	0.178703696698987	0.00701851151792239	0.212961256662761	4.40603119802108E-8	0.178703652638675	21.7158040745882	21.818653683285	21.2807561265577	21.4425	21.7158040745882
17	2.435	2.38190372109053	0.0530962789094707	2.42016843064398	0.0148315693560224	0.00686055588821139	0.0462357230212593	2.9635622647875E-8	0.0148315397203997	21.936657174127	22.0365301609922	21.5091421602586	21.6727875	21.936657174127
17.1	2.25	2.32382278136901	-0.0738227813690084	2.35762707861759	-0.107627078617589	0.00670784942849591	-0.0805306307975043	1.98418867831576E-8	-0.107627098459476	22.1997904147888	22.2964136757135	21.7840536890496	21.9315	22.1997904147888
17.2	2.1	2.26596975496182	-0.165969754961815	2.29386147051345	-0.193861470513451	0.00656016313074489	-0.17252991809256	1.32237399761573E-8	-0.193861483737191	22.4094034179375	22.5038123533456	22.0054820289082	22.127925	22.4094034179375
17.3	2.19	2.20851724455817	-0.0185172445581689	2.22906030877541	-0.0390603087754098	0.00641728028578896	-0.0249345248439579	8.77259454283812E-9	-0.0390603175480043	22.6585280221323	22.7509388478473	22.2718018916313	22.3635	22.6585280221323
17.4	2.22	2.1516186133484	0.068381386651605	2.16341086853547	0.0565891314645346	0.00627899570264633	0.0621023909489587	5.79300944304659E-9	0.0565891256715252	22.8781578128656	22.9695780014803	22.5097708654534	22.584	22.8781578128656
17.5	1.935	2.09540871298672	-0.160408712986719	2.09709812489826	-0.162098124898257	0.00614511498479728	-0.166553827971516	3.8078763568056E-9	-0.162098128706134	23.070183718962	23.1615032409889	22.7205641916003	22.7722575	23.070183718962
17.6	2	2.0400047866526	-0.0400047866525965	2.03030391940085	-0.0303039194008519	0.00601545385873013	-0.0460202405113267	2.49151704568574E-9	-0.0303039218923689	23.2975613139677	23.389921290282	22.9738558611329	22.9885	23.2975613139677
17.7	2.175	1.98550749948554	0.189492500514455	1.96320617058411	0.211793829415887	0.00588983755050695	0.183602662963948	1.62273390367808E-9	0.211793827793154	23.4775729466216	23.5718455821087	23.1775499270273	23.1755875	23.4775729466216
17.8	2.115	1.93200205428196	0.182997945718039	1.89597813308795	0.219021866912051	0.00576810020648114	0.177229845511558	1.05204224618402E-9	0.219021865860009	23.6901981896285	23.7882393506245	23.4222003212996	23.41175	23.6901981896285
17.9	2.06	1.87955935617848	0.180440643821517	1.82878770913189	0.231212290868112	0.00565008435464419	0.174790559466873	6.78924486467047E-10	0.231212290189187	23.8764354940912	23.9793818337721	23.6405265740304	23.6205	23.8764354940912
18	1.8	1.82823719581618	-0.0282371958161816	1.76179681567137	0.0382031843286259	0.00553564040339056	-0.0337728362195721	4.3612621040088E-10	0.0382031838924997	24.0383110267663	24.1469605550326	23.8337255457266	23.79537	24.0383110267663
18.1	1.69	1.77808142597137	-0.0880814259713691	1.69516080993633	-0.00516080993632606	0.00542462617477143	-0.0935060521461406	2.78872266129014E-10	-0.00516081021519833	24.228806753824	24.3461806185111	24.065664721855	23.988	24.228806753824
18.2	1.835	1.72912711170662	0.105872888293377	1.62902797546798	0.205972024532015	0.00531690646956223	0.100555981823815	1.77501033674951E-10	0.205972024354514	24.3786882370223	24.5047015836533	24.2520433807904	24.1459725	24.3786882370223
18.3	1.865	1.68139963865198	0.183600361348023	1.56353907018018	0.301460929819817	0.00521235266169908	0.178388008686324	1.12460204764524E-10	0.301460929707357	24.5546339292745	24.6931155241539	24.4757550188794	24.34925	24.5546339292745
18.4	1.76	1.63491576802835	0.125084231971654	1.49882693738799	0.261173062612011	0.00511084231984816	0.119973389651806	7.0924988826157E-11	0.261173062541086	24.7077452946081	24.8594395181059	24.6752886720459	24.5305	24.7077452946081
18.5	1.735	1.58968463046549	0.145315369534515	1.4350161801763	0.299983819823701	0.00501225885406052	0.140303110680454	4.4524813074565E-11	0.299983819779176	24.8400476746977	25.0051980951415	24.8517918163277	24.6878875	24.8400476746977
18.6	1.825	1.54570865356347	0.279291346436534	1.37222289892939	0.45277710107061	0.00491649118563676	0.274374855250898	2.78232178626997E-11	0.452777101042787	24.9947826256545	25.1784257470293	25.0636265377466	24.88325	24.9947826256545
18.7	1.64	1.50298442053479	0.137015579465209	1.31055449131457	0.32944550868543	0.00482343343848154	0.132192146026727	1.73067304887356E-11	0.329445508668124	25.1157756833264	25.3162399475425	25.2338172580676	25.0400075	25.1157756833264
18.8	1.645	1.46150345919054	0.183496540809458	1.250109513514	0.394890486486003	0.00473298465036946	0.178763556159089	1.07158130335118E-11	0.394890486475287	25.2569345186155	25.4800336445399	25.4380783086891	25.22075	25.2569345186155
18.9	1.835	1.42125296204997	0.413747037950035	1.19097760103255	0.644022398967452	0.00464504850267278	0.409101989447362	6.6044650636464E-12	0.644022398960847	25.3789776951664	25.6246325082955	25.6202604354131	25.39475	25.3789776951664
19	1.55	1.38221643951219	0.167783560487808	1.13323944697984	0.416760553020165	0.0045595330672185	0.163224027420589	4.05184281772069E-12	0.416760553016113	25.4838158001387	25.7513712003959	25.7814237893442	25.5483575	25.4838158001387
19.1	1.625	1.34437430888396	0.280625691116045	1.07696683533455	0.548033164665446	0.00447635056904925	0.276149340546995	2.47440027099009E-12	0.548033164662972	25.6056746899221	25.9020322127365	25.9748724612463	25.72275	25.6056746899221
19.2	1.655	1.30770442265717	0.347295577342828	1.02222272635114	0.632777273648861	0.00439541716396005	0.342900160178868	1.50414513130961E-12	0.632777273647357	25.71062132096	26.0350723136729	26.1474375726805	25.88675	25.71062132096
19.3	1.69	1.27218253982058	0.417817460179416	0.969061390964617	0.720938609035383	0.00431665272977148	0.413500807449645	9.10147860952514E-13	0.720938609034473	25.8101722674505	26.1644950231427	26.3169321377104	26.054	25.8101722674505
19.4	1.35	1.23778274421025	0.112217255789746	0.917528590790366	0.432471409209634	0.00423998067038172	0.107977275119364	5.48196913334315E-13	0.432471409209086	25.904488164181	26.2904140714151	26.4834232588343	26.206	25.904488164181
19.5	1.535	1.20447781398989	0.330522186010109	0.867661800101954	0.667338199898046	0.00416532773171344	0.326356858278396	3.28672706989344E-13	0.667338199897717	25.9850326336989	26.4008374351512	26.6307523009834	26.3349925	25.9850326336989
19.6	1.44	1.17223954633406	0.267760453665936	0.819490466002484	0.620509533997516	0.00409262382874018	0.263667829837196	1.9615217146882E-13	0.62050953399732	26.0780773304859	26.5321826554917	26.8076603931203	26.499	26.0780773304859
19.7	1.45	1.14103904129071	0.308960958709286	0.773036302882096	0.676963697117904	0.00402180188283838	0.304939156826447	1.16526585693816E-13	0.676963697117787	26.1576894322989	26.6482458912968	26.9655369294804	26.6435	26.1576894322989
19.8	1.675	1.11084694864537	0.564153051354632	0.728313617175778	0.946686382824222	0.00395279766876883	0.560200253685864	6.89063658225204E-14	0.946686382824153	26.2327426033018	26.7612327258438	27.1206707990318	26.79975	26.2327426033018
19.9	1.49	1.08163368141552	0.408366318584475	0.685329658399577	0.804670341600423	0.00388554967064319	0.404480768913832	4.05598268318445E-14	0.804670341600382	26.3034104104223	26.8712427012733	27.2731246095349	26.958	26.3034104104223
